2021-05-28T20:43:18.430000Z 20210528124318 4.00 25.5360 99.9240 25.5596 99.9304
2021-05-27T23:03:57.290000Z 20210527150357 3.90 25.6900 99.8840 25.6913 99.8785
2021-05-26T06:37:24.330000Z 20210525223724 3.50 25.6650 99.9110 25.6629 99.8983
2021-05-23T00:17:19.640000Z 20210522161719 3.50 25.5670 99.9650 25.5731 99.9646
2021-05-22T23:30:16.870000Z 20210522153016 3.50 25.5780 99.9630 25.5713 99.9588
2021-05-22T22:30:05.570000Z 20210522143005 3.80 25.5940 99.9360 25.5957 99.9284
2021-05-22T17:24:16.650000Z 20210522092416 3.90 25.6580 99.9060 25.6593 99.8995
2021-05-22T08:36:46.610000Z 20210522003646 3.80 25.6800 99.8970 25.6733 99.8960
2021-05-22T04:10:58.370000Z 20210521201057 4.10 25.6180 99.9310 25.6173 99.9480
2021-05-22T02:24:27.450000Z 20210521182427 4.20 25.6770 99.8880 25.6898 99.8860
2021-05-22T01:36:06.460000Z 20210521173605 4.20 25.6220 99.9470 25.6183 99.9380
2021-05-22T00:56:08.280000Z 20210521165607 3.90 25.6230 99.8950 25.6337 99.9099
2021-05-22T00:53:31.020000Z 20210521165331 3.80 25.6300 99.9110 25.6340 99.9158
2021-05-22T00:24:05.940000Z 20210521162405 3.50 25.6930 99.8860 25.6797 99.8770
2021-05-21T23:18:09.490000Z 20210521151809 3.60 25.5980 99.9850 25.5853 99.9764
2021-05-21T23:13:53.770000Z 20210521151353 4.00 25.6170 99.9540 25.6253 99.9449
2021-05-21T23:08:57.790000Z 20210521150857 3.60 25.6000 99.9790 25.6041 99.9743
2021-05-21T22:59:37.150000Z 20210521145937 4.00 25.6260 99.9420 25.6271 99.9383
2021-05-21T22:30:27.150000Z 20210521143027 3.80 25.6750 99.8910 25.6654 99.8764
2021-05-21T22:19:48.030000Z 20210521141948 3.80 25.6050 99.9460 25.5946 99.9499
2021-05-21T22:15:16.340000Z 20210521141516 4.20 25.5900 99.9790 25.5932 99.9808
2021-05-21T22:03:36.420000Z 20210521140336 4.20 25.5810 99.9550 25.5753 99.9480
2021-05-21T22:02:00.820000Z 20210521140200 3.90 25.6800 99.8900 25.6727 99.8830
2021-05-21T21:53:48.340000Z 20210521135347 3.90 25.5970 99.9780 25.6042 99.9823
2021-05-21T21:23:44.070000Z 20210521132343 3.80 25.6430 99.9890 25.6148 99.9558
2021-05-21T21:22:35.680000Z 20210521132235 4.30 25.6030 99.9810 25.6155 99.9680
2021-05-20T01:58:59.260000Z 20210519175858 3.80 25.6550 99.9050 25.6646 99.8866
2021-05-19T21:13:07.290000Z 20210519131307 3.80 25.6700 99.9010 25.6825 99.8794
2021-05-19T03:27:56.240000Z 20210518192756 3.70 25.6260 99.9240 25.6414 99.9211
2021-05-18T20:56:46.350000Z 20210518125646 3.60 25.6340 99.9320 25.6325 99.9262
2021-05-18T18:49:30.260000Z 20210518104930 3.80 25.6400 99.9360 25.6313 99.9277
2021-04-18T11:35:39.070000Z 20210418033539 3.80 26.1430 99.9830 26.1426 99.9913
2021-03-01T18:13:12.510000Z 20210301101312 4.10 25.9860 99.9930 25.9820 100.0005
2021-01-03T02:40:25.250000Z 20210102184025 3.70 25.6330 99.9240 25.6222 99.9188
